10
2147483647
0.0
2147483647
4.9E-324
0
0

0
0

0
0
2147483647
0.0
2147483647
0.024974623816424832
0
0

0
0

0
0
2147483647
0.0
2147483647
0.09068681879961725
0
0

0
0

0
0
2147483647
0.0
2147483647
0.973495538397031
0
0

0
0

0
0
2147483647
0.0
2147483647
0.7732903881285444
0
0

0
0

0
0
2147483647
0.0
2147483647
3.5542649869012046
0
0

0
0

0
0
2147483647
0.0
2147483647
3.622519701722269
0
0

0
0

0
0
2147483647
0.0
2147483647
0.5885709864324716
0
0

0
0

0
0
2147483647
0.0
2147483647
1.5484275540672976
0
0

0
0

0
0
2147483647
0.0
2147483647
0.3002511720163145
0
0

0
0

0
0
