10
2147483647
0.0
2147483647
4.9E-324
0
0

0
0

0
0
2147483647
0.0
2147483647
0.07174605367623571
0
0

0
0

0
0
2147483647
0.0
2147483647
0.13778054424724065
0
0

0
0

0
0
2147483647
0.0
2147483647
0.3268547652794302
0
0

0
0

0
0
2147483647
0.0
2147483647
0.2348908088230743
0
0

0
0

0
0
2147483647
0.0
2147483647
0.8118423233794351
0
0

0
0

0
0
2147483647
0.0
2147483647
2.9099708939745224
0
0

0
0

0
0
2147483647
0.0
2147483647
0.3183996075412938
0
0

0
0

0
0
2147483647
0.0
2147483647
0.9450907280474722
0
0

0
0

0
0
2147483647
0.0
2147483647
0.4726263584230824
0
0

0
0

0
0
