100
2147483647
0.0
4.9E-324
2
1
7.0000001088931 0.0 
2
1
8.704532862628212E-9 -2.0000000200377133 
2
1
-0.7159827139764353 -1.5947333860913697 
2147483647
0.0
0.05615557583505523
2
1
5.6155575823824115 0.056722784795099734 
2
1
-0.15560434314584104 -1.7258225471651223 
2
1
0.9730727180509267 -1.1662822259788599 
2147483647
0.0
0.10359855554479509
2
1
5.179927776203769 0.1057128117291537 
2
1
-0.20241379011308328 -1.624960482876261 
2
1
0.0033277682654271074 0.33295418160217066 
2147483647
0.0
0.14651459419444776
2
1
4.883819805504828 0.15104597330515412 
2
1
-0.2318709317726 -1.5513140622066965 
2
1
-0.22972099452527975 0.3848440924011779 
2147483647
0.0
0.18621984096755093
2
1
4.655496023257674 0.19397900096728726 
2
1
-0.25282440342184714 -1.491437478724802 
2
1
-2.1706475107277083 0.9962875561343205 
2147483647
0.0
0.22341193318334068
2
1
4.468238662773166 0.2351704559330572 
2
1
-0.2684999254931515 -1.4401900550644433 
2
1
0.3549846736418201 0.5954996832838476 
2147483647
0.0
0.2585282756116063
2
1
4.308804592665011 0.27503008035304255 
2
1
-0.28060355605440146 -1.3949657036353573 
2
1
-1.3610546020710887 -0.9417541336090638 
2147483647
0.0
0.29186967481865717
2
1
4.1695667822544396 0.3138383599572938 
2
1
-0.2898478833889862 -1.35424723193018 
2
1
-0.7089640409964816 0.2724109546668482 
2147483647
0.0
0.32365572886839766
2
1
4.045696610045831 0.35179970491705115 
2
1
-0.29711518420399474 -1.317034669926685 
2
1
1.6540097182210343 -0.9333594081465556 
2147483647
0.0
0.35405361718049444
2
1
3.9339290789964854 0.3890699082846618 
2
1
-0.30275487992764 -1.2826503696463503 
2
1
-0.10719783274861097 0.3916885413384953 
2147483647
0.0
0.38319465552566
2
1
3.8319465544902105 0.42577183938586227 
2
1
-0.30692729790686407 -1.250618097646359 
2
1
-0.6417169827372924 -0.226198279975759 
2147483647
0.0
0.4111845259071562
2
1
3.738041143862903 0.46200508519537054 
2
1
-0.3100456775236338 -1.2205503492080993 
2
1
0.07623932564966025 1.336349444411974 
2147483647
0.0
0.4381099265064157
2
1
3.650916053489948 0.49785218910845663 
2
1
-0.3122165362660623 -1.1921687731107393 
2
1
-1.9644851359505275 1.469001936481049 
2147483647
0.0
0.4640431119905988
2
1
3.56956239921377 0.5333828872388335 
2
1
-0.31357640884780347 -1.1652477374583983 
2
1
0.6394577172413562 -0.3499637735324728 
2147483647
0.0
0.48904508609606845
2
1
3.4931791857018526 0.5686570767371362 
2
1
-0.31423984117633474 -1.1396041247537478 
2
1
0.18658168115965237 1.126965141086285 
2147483647
0.0
0.5131679169990119
2
1
3.421119445975856 0.6037269610035456 
2
1
-0.3142923261371868 -1.1150886197754872 
2
1
0.4437479168013918 0.3563167251236646 
2147483647
0.0
0.5364564566566071
2
1
3.352852853433224 0.6386386387491407 
2
1
-0.31381348098368206 -1.091575153862115 
2
1
0.27473432301966794 0.4033095560532585 
2147483647
0.0
0.5589496441782922
2
1
3.287939082744131 0.673433306102809 
2
1
-0.31286030858938746 -1.0689588939464094 
2
1
-1.6241628847458989 0.17079603968210458 
2147483647
0.0
0.580681511206125
2
1
3.2260083949400165 0.7081481842560837 
2
1
-0.3114884418551564 -1.047148887119361 
2
1
0.5960647949931661 0.263880995612842 
2147483647
0.0
0.6016819697660125
2
1
3.1667472086614534 0.7428172464726384 
2
1
-0.30973504528138046 -1.0260687449391495 
2
1
0.8588445032714145 -0.46446332764476217 
2147483647
0.0
0.6219774379041781
2
1
3.109887188898913 0.777471797224264 
2
1
-0.3076457517474295 -1.0056490961592914 
2
1
-0.018862097220378432 -0.11141007358292773 
2147483647
0.0
0.6415913425115041
2
1
3.0551968684879878 0.8121409397255517 
2
1
-0.30524821362631605 -0.9858315903306226 
2
1
1.5409236618753412 0.6675116063013474 
2147483647
0.0
0.6605445277534483
2
1
3.002475125551543 0.8468519584886822 
2
1
-0.30257188212351915 -0.9665634762144883 
2
1
0.34659765490220723 -0.05217767085295469 
2147483647
0.0
0.6788555899879813
2
1
2.9515460428356963 0.8816306361693071 
2
1
-0.29963944047509866 -0.947798547648411 
2
1
-0.5718437511624777 0.24208951935522466 
2147483647
0.0
0.6965411547030994
2
1
2.9022548106824635 0.9165015191627841 
2
1
-0.29647230938533203 -0.929495095707425 
2
1
0.1656210637596142 -0.5240275346565966 
2147483647
0.0
0.7136161072750111
2
1
2.854464428519563 0.9514881428430506 
2
1
-0.2930862036851326 -0.9116164123265642 
2
1
0.8984186770175397 -0.5186839963435097 
2147483647
0.0
0.7300937864957747
2
1
2.808053024422138 0.9866132247955886 
2
1
-0.28950281228800595 -0.8941272091945225 
2
1
0.42952787986152796 -1.333972393749992 
2147483647
0.0
0.7459863005041123
2
1
2.7629117437909088 1.0218990415820755 
2
1
-0.28534800826315376 -0.877105904655606 
2
1
0.3967995656860643 0.09140181220447198 
2147483647
0.0
0.7613039024965006
2
1
2.7189425080953655 1.0573665310336664 
2
1
-0.2817907448924665 -0.8601992200684645 
2
1
-0.06450524165154489 -0.4757032148345234 
2147483647
0.0
0.7760566342018866
2
1
2.6760573587789103 1.0930375127417964 
2
1
-0.2776748256376361 -0.8437098702713848 
2
1
-0.5936413474951308 0.2652084737114598 
2147483647
0.0
0.7902529018090276
2
1
2.6341763388365904 1.1289327166435406 
2
1
-0.2734094289264768 -0.8275017830594995 
2
1
-0.08440040342913557 0.5353422428883868 
2147483647
0.0
0.803900325490161
2
1
2.5932268550419195 1.1650729352599725 
2
1
-0.2689637559501519 -0.8115651777485381 
2
1
0.0758309643747425 -0.37402267162716035 
2147483647
0.0
0.8170056585859455
2
1
2.553142682570451 1.2014789094449176 
2
1
-0.2644417379148473 -0.7958501059288102 
2
1
0.039468627871941525 0.27709184104852586 
2147483647
0.0
0.8295748581597454
2
1
2.5138632060419104 1.2381714298353992 
2
1
-0.2597504793232145 -0.7803685049289919 
2
1
-1.310013442771633 -0.11205768574856924 
2147483647
0.0
0.8416131340866803
2
1
2.4753327468186987 1.2751714150277125 
2
1
-0.2549391610374783 -0.7650892548341982 
2
1
0.7969988233879995 0.7357846836154542 
2147483647
0.0
0.8531250001731306
2
1
2.4375000000071587 1.3124999999999039 
2
1
-0.25000178277839197 -0.7499994057416773 
2
1
-0.5377233829105209 -0.8231855953179855 
2147483647
0.0
0.864114314636969
2
1
2.4003175401781838 1.3501786163489153 
2
1
-0.24493938347543112 -0.7350846245792823 
2
1
-0.8184523692454369 -0.2863037452877011 
2147483647
0.0
0.8745843156160802
2
1
2.3637413930842253 1.388229072127415 
2
1
-0.23976441688962605 -0.7203273620281115 
2
1
-0.5018986272691972 0.10443789177671603 
2147483647
0.0
0.8845376514675701
2
1
2.327730661290477 1.426673631113972 
2
1
-0.23447448978981134 -0.7057156378059067 
2
1
-0.10418389542770105 0.10081091131529783 
2147483647
0.0
0.8939764065554465
2
1
2.292247195837414 1.4655350924207398 
2
1
-0.22907218068930463 -0.6912363164192742 
2
1
0.9874950959744596 -0.10746382194852182 
2147483647
0.0
0.902902122964673
2
1
2.2572553069602312 1.5048368713058502 
2
1
-0.22355971562762997 -0.6768768128747878 
2
1
0.6931014341895892 0.452586256303078 
2147483647
0.0
0.9113158185322716
2
1
2.222721508170752 1.5446030819425354 
2
1
-0.21793733140915925 -0.6626256311068418 
2
1
-0.12584610077723035 0.33388275857470623 
2147483647
0.0
0.9192180015077583
2
1
2.1886142888660856 1.5848586229722665 
2
1
-0.21220991202330425 -0.6484698804792903 
2
1
-0.6314442560737127 -0.4696422625453004 
2147483647
0.0
0.92660868215484
2
1
2.1549039115448725 1.6256292666131897 
2
1
-0.20637275337807265 -0.6344004652638232 
2
1
0.11481037485225581 0.9245718959934189 
2147483647
0.0
0.9334873813982859
2
1
2.1215622300263375 1.6669417521618666 
2
1
-0.20042953265558983 -0.6204054018820275 
2
1
0.9370093449943012 -1.0703710738982235 
2147483647
0.0
0.9398531368399571
2
1
2.088562525893303 1.708823884821503 
2
1
-0.1943783756640827 -0.6064749490031893 
2
1
0.486632191481426 0.5817306699713468 
2147483647
0.0
0.945704506137805
2
1
2.055879360650027 1.751304640645674 
2
1
-0.18822022621760218 -0.5925984110650515 
2
1
0.3892357144295239 0.43681081185263465 
2147483647
0.0
0.9510395677419013
2
1
2.023488441599273 1.7944142783994215 
2
1
-0.1819499402026501 -0.578767557510487 
2
1
-0.5379182022388104 0.7487389780030481 
2147483647
0.0
0.9558559196555971
2
1
1.9913664988842208 1.8381844605082278 
2
1
-0.17557035510895413 -0.5649710626479819 
2
1
-1.1368039313658034 -0.34960787721225417 
2147483647
0.0
0.9601506751461409
2
1
1.9594911733757363 1.8826483822613485 
2
1
-0.16907923289413057 -0.5511995793024066 
2
1
-0.04768109348207457 0.40472646661850414 
2147483647
0.0
0.9639204565187017
2
1
1.9278409126518352 1.9278409126517553 
2
1
-0.16247304862764292 -0.5374442533469016 
2
1
-0.23118753074572204 0.19652278613259538 
2147483647
0.0
0.9671613862709374
2
1
1.8963948746617747 1.973798747065011 
2
1
-0.1557533391750404 -0.52369406153011 
2
1
-0.38972650151951693 0.2221200269324901 
2147483647
0.0
0.9698690757051233
2
1
1.865132837521441 2.020560573981382 
2
1
-0.14891045490118143 -0.5099424868429949 
2
1
0.41280239558172294 -0.3097905046756439 
2147483647
0.0
0.972038611093212
2
1
1.8340351149034042 2.0681672572314453 
2
1
-0.14194772178070492 -0.4961774414299533 
2
1
0.18716349221737485 0.2040947996091172 
2147483647
0.0
0.9736645369305091
2
1
1.8030824754356352 2.1166620363821225 
2
1
-0.13485896070176565 -0.48239058877124424 
2
1
0.5996758852636762 0.07229370527810088 
2147483647
0.0
0.9747408364492931
2
1
1.7722560659169906 2.1660907472312925 
2
1
-0.1276424578207387 -0.4685714327826831 
2
1
-0.42222251598910576 -0.2609596783480457 
2147483647
0.0
0.9752609090177548
2
1
1.7415373371820533 2.2165020655061425 
2
1
-0.12029238386580507 -0.4547109286463821 
2
1
-0.821787103079196 -0.9206036088980619 
2147483647
0.0
0.9752175442270753
2
1
1.7109079719860205 2.26794777680573 
2
1
-0.11280662204541068 -0.4407980410131845 
2
1
0.010140887694415937 -0.03834959601737445 
2147483647
0.0
0.9746028924046386
2
1
1.6803498141546864 2.320483076688777 
2
1
-0.1051776750648523 -0.42682367100588847 
2
1
1.364375441062432 -0.6925542006095037 
2147483647
0.0
0.9734084312212897
2
1
1.6498447983486972 2.374166904942946 
2
1
-0.09740003286804637 -0.41277737075168225 
2
1
0.22414623319165278 -1.368331587052595 
2147483647
0.0
0.9716249279656961
2
1
1.619374879618952 2.429062319427852 
2
1
-0.08946966486668533 -0.3986474547902243 
2
1
0.7416644219152898 0.28147027061269697 
2147483647
0.0
0.9692423970853477
2
1
1.5889219621172117 2.4852369151059848 
2
1
-0.08137951347283247 -0.3844229627904134 
2
1
0.6847363868552554 -0.6395878372458061 
2147483647
0.0
0.9662500524114132
2
1
1.5584678261583278 2.54276329531071 
2
1
-0.07312234623755547 -0.37009230550828304 
2
1
0.2703072130291364 0.3766415724640307 
2147483647
0.0
0.9626362534633743
2
1
1.5279940528108684 2.601719603434639 
2
1
-0.06469043147470141 -0.3556433188904728 
2
1
0.02037512165719611 1.8838725383066097 
2147483647
0.0
0.9583884450863202
2
1
1.497481945147879 2.662190124707296 
2
1
-0.05607721446131667 -0.3410623663973867 
2
1
-0.41876995275328704 1.0654567221978826 
2147483647
0.0
0.9534930895601987
2
1
1.4669124451838154 2.7242659696271434 
2
1
-0.047271372450061244 -0.32633703138320275 
2
1
0.34112576208290807 0.3186993813524383 
2147483647
0.0
0.9479355901578882
2
1
1.436266045405175 2.7880458528479446 
2
1
-0.038264962330634235 -0.3114521429197128 
2
1
1.2327292326967536 -0.13461553989740127 
2147483647
0.0
0.9417002049491207
2
1
1.4055226936722398 2.853636984123578 
2
1
-0.029046686336643732 -0.2963928218391034 
2
1
0.09144901944976776 1.0183011294099447 
2147483647
0.0
0.9347699494304801
2
1
1.3746616900639448 2.9211560913860195 
2
1
-0.019604936684435623 -0.281142873014818 
2
1
-0.010963787593747411 -0.15437074154988015 
2147483647
0.0
0.927126486274757
2
1
1.3436615740425095 2.990730600288065 
2
1
-0.00992794503190013 -0.2656845082090797 
2
1
0.5164290033973272 -0.71374131493358 
2147483647
0.0
0.9187500001844673
2
1
1.3125000000010245 3.062499999998426 
2
1
4.1103095153513573E-7 -0.25000020551596164 
2
1
-0.542568698292033 -0.2982017312437462 
2147483647
0.0
0.9096190554196186
2
1
1.2811535989250968 3.13661743185412 
2
1
0.010195770964836322 -0.23407008599847323 
2
1
0.4679812324709655 -0.22700217036162104 
2147483647
0.0
0.8997104330314338
2
1
1.2495978234048497 3.2132515458917914 
2
1
0.02066741224027982 -0.21786859085422233 
2
1
-0.03801614653810147 -0.7341585180048797 
2147483647
0.0
0.8889989443720421
2
1
1.217806772868825 3.292588682199833 
2
1
0.03144273194548745 -0.20137652604961429 
2
1
0.5815784095159084 -0.6776066662941498 
2147483647
0.0
0.8774572163314459
2
1
1.185752994805344 3.3748354467517987 
2
1
0.04253857104892908 -0.18456617962203403 
2
1
-0.6851784153438759 -0.3839664077706165 
2147483647
0.0
0.8650554431849932
2
1
1.1534072573488037 3.4602217720479285 
2
1
0.05397854002020124 -0.16740961052764264 
2
1
0.2014563782377819 0.11042906560785921 
2147483647
0.0
0.8517610983478989
2
1
1.120738287075708 3.549004575739778 
2
1
0.06578737164148535 -0.14987520687818148 
2
1
0.6266124725367821 0.15317805500464723 
2147483647
0.0
0.8375385978618558
2
1
1.0877124645381144 3.64147216388819 
2
1
0.07799394282256973 -0.13192857396182983 
2
1
-0.16412517822846973 -1.1484537937320383 
2147483647
0.0
0.8223489053026889
2
1
1.0542934681239247 3.7379495688100874 
2
1
0.09062823622980039 -0.11353010821407956 
2
1
0.5758119596607081 0.8758853679187298 
2147483647
0.0
0.806149065030007
2
1
1.0204418542631795 3.838805070803702 
2
1
0.10372973055737304 -0.09463846599510516 
2
1
0.12788407534226942 1.615125815078006 
2147483647
0.0
0.7888916470858048
2
1
0.9861145586600331 3.9444582346377377 
2
1
0.11733813155466004 -0.07520440594590677 
2
1
1.4436265312767316 0.7875974899963214 
2147483647
0.0
0.7705240820627539
2
1
0.9512642986526532 4.055389904779721 
2
1
0.13149727045907167 -0.055171291361341857 
2
1
-0.7023121875309538 0.766700149266162 
2147483647
0.0
0.7509878576942187
2
1
0.9158388506634404 4.172154764132257 
2
1
0.14626234644194663 -0.03447714209106414 
2
1
0.2588164000342039 1.7324861089205534 
2147483647
0.0
0.7302175396646304
2
1
0.879780168094683 4.295397291283459 
2
1
0.16169477797414994 -0.013049432134090527 
2
1
0.9722782099850238 0.5859206324329573 
2147483647
0.0
0.7081399660452568
2
1
0.8430237689328914 4.425870642586956 
2
1
0.17776704569672605 0.009251315689224732 
2
1
1.7185420735397288 0.9668155374296288 
2147483647
0.0
0.6846707485035779
2
1
0.8054949980677337 4.564471655777624 
2
1
0.19486434963108507 0.03235480272699217 
2
1
-0.16675254234962822 1.1761547399151289 
2147483647
0.0
0.6597163796076424
2
1
0.7671120691513851 4.712259853397851 
2
1
0.21278535853684438 0.05654551836740261 
2
1
-1.5965712279345294 0.15354763414952136 
2147483647
0.0
0.6331678205209013
2
1
0.7277791038971615 4.87052169534052 
2
1
0.23174472543154367 0.081908900744383 
2
1
-1.2192240582678122 0.300386811898304 
2147483647
0.0
0.6048993654172553
2
1
0.687385642382075 5.040828044135629 
2
1
0.2518955443592116 0.10860800474443677 
2
1
0.4267465998467217 1.5672074312917592 
2147483647
0.0
0.5747640995238801
2
1
0.6458023588836608 5.225128176444794 
2
1
0.27341670205411295 0.1368484784195231 
2
1
1.248565694817615 1.1449958506463713 
2147483647
0.0
0.5425883096177019
2
1
0.6028758994546491 5.4258830950711365 
2
1
0.2965200271444121 0.16689440896592017 
2
1
-0.645173261255607 -0.7527013223236624 
2147483647
0.0
0.5081637552274922
2
1
0.5584217089276414 5.646263945842885 
2
1
0.32151017795429576 0.19906213910360598 
2
1
0.39863623308418067 -0.4024525157605677 
2147483647
0.0
0.47123666731691705
2
1
0.5122137687202931 5.890458340268318 
2
1
0.34874670295682475 0.233787802421151 
2
1
-0.4346238881322853 -0.24386211564416269 
2147483647
0.0
0.43149153120476036
2
1
0.46396938829858436 6.164164730263748 
2
1
0.37874107227115517 0.27164168049296245 
2
1
0.5199199327121252 -0.7188837282622835 
2147483647
0.0
0.38852612530378167
2
1
0.41332566513412383 6.4754354204184175 
2
1
0.4121972302449826 0.31342624146301 
2
1
0.5639877231537167 -0.17857112378220755 
2147483647
0.0
0.3418109355478241
2
1
0.35980098471522304 6.836218709536867 
2
1
0.4501490665043683 0.36031578021709953 
2
1
-0.050573808736537273 0.053133744754063336 
2147483647
0.0
0.2906182267461509
2
1
0.30272731946669507 7.265455667199049 
2
1
0.4942165454874369 0.41414484784137495 
2
1
0.11144829024957281 -0.3906863456554066 
2147483647
0.0
0.2338850402484235
2
1
0.24111859814602732 7.796168005545026 
2
1
0.5471878283371414 0.4780614268824827 
2
1
-0.19245849391400957 -2.850268008310314 
2147483647
0.0
0.16990565324467957
2
1
0.17337311547707412 8.495282660534915 
2
1
0.614621851334781 0.55834129423496 
2
1
1.5627719582029618 0.8954096924865761 
2147483647
0.0
0.09543479461396005
2
1
0.09639878232810589 9.543479459487301 
2
1
0.7112935039080437 0.6715674167101253 
2
1
0.3775879171898371 -0.9543171104627832 
