10
2147483647
0.0
2147483647
4.9E-324
0
0

0
0

0
0
2147483647
0.0
2147483647
1.5110522954541972
0
0

0
0

0
0
2147483647
0.0
2147483647
0.17215356219406983
0
0

0
0

0
0
2147483647
0.0
2147483647
0.2118022770858151
0
0

0
0

0
0
2147483647
0.0
2147483647
0.1419994082165901
0
0

0
0

0
0
2147483647
0.0
2147483647
0.039910470277188206
0
0

0
0

0
0
2147483647
0.0
2147483647
1.6858022892278477
0
0

0
0

0
0
2147483647
0.0
2147483647
0.22107159225193462
0
0

0
0

0
0
2147483647
0.0
2147483647
1.5116948791057527
0
0

0
0

0
0
2147483647
0.0
2147483647
2.025901514389076
0
0

0
0

0
0
