100
2147483647
0.0
4.9E-324
2
1
6.999999989244916 0.0 
2
1
7.63147551176431E-9 -1.9999999963226882 
2
1
-1.421373035542003 0.29291428104248446 
2147483647
0.0
0.05615555815945723
2
1
5.615555814822612 0.056722785860058966 
2
1
-0.15597408247276381 -1.7258577904461778 
2
1
-1.462363611973987 -0.5922574608642396 
2147483647
0.0
0.10359855554580545
2
1
5.179927776254287 0.1057128117329511 
2
1
-0.20240981390582852 -1.624960266629943 
2
1
0.07154486226159266 1.4178001297138394 
2147483647
0.0
0.1465145941867815
2
1
4.883819805249287 0.151045973354071 
2
1
-0.2318690477744419 -1.5513140195161155 
2
1
0.731097266331872 0.41509259013787553 
2147483647
0.0
0.18622504162273423
2
1
4.655626039637243 0.19397925970557406 
2
1
-0.25754646769298933 -1.4914483801970082 
2
1
0.287417238626495 -0.3136858729687124 
2147483647
0.0
0.22341193318411406
2
1
4.468238662788633 0.235170455933428 
2
1
-0.26850096292697856 -1.4401900272619164 
2
1
0.5018829295320301 -0.31408920254669054 
2147483647
0.0
0.2585282741071644
2
1
4.308804567590979 0.27503007877613816 
2
1
-0.280511464000752 -1.3949700564740115 
2
1
0.6782360686052807 -0.8955878278729912 
2147483647
0.0
0.29186967481757664
2
1
4.169566782274324 0.31383835995140164 
2
1
-0.28984796003644114 -1.3542472268813461 
2
1
0.6734467335008352 0.3058119174832688 
2147483647
0.0
0.323655728712518
2
1
4.045696608097336 0.35179970505192504 
2
1
-0.2970954334886892 -1.3170363098771918 
2
1
-1.9705408019056456 1.1862080095754322 
2147483647
0.0
0.3540536158400044
2
1
3.9339290641021516 0.3890699074350863 
2
1
-0.3026858315984359 -1.2826571964381972 
2
1
-0.5427408582285194 -0.6729322892114531 
2147483647
0.0
0.38319465555661236
2
1
3.8319465547997345 0.425771839283295 
2
1
-0.30692386634171565 -1.2506184879548747 
2
1
-0.17163729463213365 -0.11432147141606186 
2147483647
0.0
0.41118452590677707
2
1
3.7380411438594563 0.462005085195329 
2
1
-0.3100446439894075 -1.2205504810916445 
2
1
-0.5766512558720756 0.38230540644096717 
2147483647
0.0
0.43810992650798336
2
1
3.650916053503012 0.4978521891081438 
2
1
-0.31221273061895927 -1.19216930858497 
2
1
0.2768256795700818 0.709586997116536 
2147483647
0.0
0.4640431119982117
2
1
3.569562399272331 0.5333828872470174 
2
1
-0.31358145092268264 -1.1652469655015443 
2
1
-0.242561903834599 0.9086918203679598 
2147483647
0.0
0.48904508610301717
2
1
3.4931791857514862 0.5686570767148615 
2
1
-0.314240382678413 -1.139604035485395 
2
1
0.14266141449097514 0.07679336990309435 
2147483647
0.0
0.513167916987673
2
1
3.421119445900263 0.6037269610392095 
2
1
-0.31429347349478354 -1.115088417695922 
2
1
1.1469852153466575 1.1222597962310084 
2147483647
0.0
0.5364564566574812
2
1
3.3528528534386868 0.6386386387466669 
2
1
-0.3138138398594317 -1.0915750868185086 
2
1
-0.16721160542996563 -0.23593199398042272 
2147483647
0.0
0.5589496441803969
2
1
3.287939082756512 0.6734333061042408 
2
1
-0.31286269049452514 -1.0689584245229555 
2
1
-0.31892556683353296 -0.08918859829094453 
2147483647
0.0
0.5806815112101132
2
1
3.226008394966539 0.7081481842428345 
2
1
-0.3114887565325959 -1.0471488220147638 
2
1
-0.08135184293831575 -0.8386151400283564 
2147483647
0.0
0.6016819697670247
2
1
3.1667472086667807 0.7428172464687601 
2
1
-0.309736638505729 -1.0260684001978613 
2
1
-1.5615643888695239 0.4930150364312759 
2147483647
0.0
0.6219774379313993
2
1
3.1098871889042314 0.7774717972587546 
2
1
-0.30764112245160496 -1.0056501400038975 
2
1
-0.5506265091543238 0.942074583452317 
2147483647
0.0
0.6415913425115013
2
1
3.0551968684905626 0.8121409397255481 
2
1
-0.30524757734823355 -0.9858317393931665 
2
1
0.2961970504922025 0.24283694836027175 
2147483647
0.0
0.6605445277540314
2
1
3.0024751255541933 0.8468519584872036 
2
1
-0.3025714319588408 -0.9665635854951034 
2
1
1.254675661939214 -0.7647350064085857 
2147483647
0.0
0.6788555899904375
2
1
2.9515460428294555 0.8816306361748913 
2
1
-0.2996385808869069 -0.9477987633674884 
2
1
0.24153510489515867 1.356412742592365 
2147483647
0.0
0.6965411547039623
2
1
2.902254810684571 0.9165015191640185 
2
1
-0.29647347834757704 -0.9294947930569913 
2
1
-0.3159963311662846 -1.25368017767137 
2147483647
0.0
0.71361610727146
2
1
2.854464428514947 0.9514881428381314 
2
1
-0.2930883232725202 -0.911615847224529 
2
1
0.3060895235253209 -0.669514588016544 
2147483647
0.0
0.7300937864986288
2
1
2.8080530244301807 0.9866132248008244 
2
1
-0.2895062645935038 -0.8941262629549881 
2
1
0.6479792009396311 -0.13305012694859888 
2147483647
0.0
0.7459861479320693
2
1
2.762911658449834 1.0218988325792768 
2
1
-0.28573271410936263 -0.8769977112271466 
2
1
-0.5173212128694605 1.3999957189075094 
2147483647
0.0
0.7613039024341115
2
1
2.7189425081494667 1.0573665309337779 
2
1
-0.28178654440313033 -0.8602004316531031 
2
1
-0.2230792179216156 0.6910498183055687 
2147483647
0.0
0.7760566342018469
2
1
2.6760573587815024 1.0930375127398428 
2
1
-0.277673387722143 -0.8437102949128454 
2
1
1.1142430863716593 -0.06075772282120728 
2147483647
0.0
0.7902529018084139
2
1
2.6341763388320985 1.1289327166433762 
2
1
-0.27340793447857115 -0.8275022344270416 
2
1
-0.22161886067244768 0.050162321289263075 
2147483647
0.0
0.8039003248710563
2
1
2.5932268539041172 1.1650729343036614 
2
1
-0.26899455963917873 -0.8115556724275101 
2
1
-0.28315667364493197 -0.3349825875377625 
2147483647
0.0
0.8170056585862622
2
1
2.5531426825708654 1.201478909445384 
2
1
-0.26444110075066196 -0.7958503066209359 
2
1
-0.9855868134356875 0.6311060359290463 
2147483647
0.0
0.8295748581491773
2
1
2.5138632060098858 1.2381714298257065 
2
1
-0.25975482258463434 -0.7803671097429175 
2
1
-0.11131807864305872 0.38096178485849197 
2147483647
0.0
0.8416131340882314
2
1
2.475332746823261 1.2751714150247784 
2
1
-0.2549385184555347 -0.7650894651821674 
2
1
-1.5402806801501998 -0.631855454823036 
2147483647
0.0
0.8531250001706927
2
1
2.437500000000193 1.3124999999998086 
2
1
-0.24999997196491125 -0.7500000093451149 
2
1
-0.7110998362005138 -0.8104699787735661 
2147483647
0.0
0.8641143146363823
2
1
2.4003175401748704 1.3501786163493117 
2
1
-0.2449408612619792 -0.7350841233137111 
2
1
-0.40524743929503887 0.1231406726467924 
2147483647
0.0
0.8745843156159006
2
1
2.36374139308374 1.3882290721285206 
2
1
-0.2397638636362063 -0.7203275528735505 
2
1
0.19939214149757434 -0.634158923152465 
2147483647
0.0
0.8845376514675071
2
1
2.3277306612910516 1.4266736311136943 
2
1
-0.23447465297028489 -0.7057155805956564 
2
1
-0.6692546160686407 -0.8042755527190195 
2147483647
0.0
0.8939764065555768
2
1
2.292247195837901 1.4655350924203097 
2
1
-0.22907229614975622 -0.6912362752996202 
2
1
0.5532757691008825 -0.18308379167223432 
2147483647
0.0
0.902902123031755
2
1
2.257255307127936 1.5048368712214963 
2
1
-0.2235664128721358 -0.6768743913100893 
2
1
0.4695554930125442 -0.7360554233025608 
2147483647
0.0
0.9113158185626766
2
1
2.2227215082436267 1.5446030820007008 
2
1
-0.2179311392793523 -0.6626279032285263 
2
1
-1.2140973477746007 1.0613072844726226 
2147483647
0.0
0.9192180015079426
2
1
2.188614288866268 1.5848586229725843 
2
1
-0.2122093893352446 -0.648470075027059 
2
1
0.27187488526334147 0.03755821062395868 
2147483647
0.0
0.9266086821514573
2
1
2.1549039115488364 1.6256292666072552 
2
1
-0.20637338247942535 -0.6344002278472861 
2
1
-0.14678623879394204 0.844011940715804 
2147483647
0.0
0.9334873814049274
2
1
2.1215622300414316 1.6669417521434742 
2
1
-0.20043000802765137 -0.6204052200576189 
2
1
0.5275548301065315 -0.9120699581312638 
2147483647
0.0
0.9398531368492572
2
1
2.0885625258822733 1.7088238848387027 
2
1
-0.19437699051683294 -0.6064754857993816 
2
1
-0.6384130174342854 -0.02860095877105411 
2147483647
0.0
0.9457045061080507
2
1
2.055879360693282 1.7513046405843586 
2
1
-0.18821697222301298 -0.5925996883181979 
2
1
1.1554774656228797 0.5614784664246518 
2147483647
0.0
0.9510395677421282
2
1
2.02348844159983 1.7944142783982993 
2
1
-0.18194979012294624 -0.5787676171550672 
2
1
-0.49529537226892245 0.08531726284416467 
2147483647
0.0
0.9558559196556812
2
1
1.9913664988840165 1.838184460508673 
2
1
-0.17556962051856154 -0.5649713581453026 
2
1
2.79155241443336 -0.7061810207939968 
2147483647
0.0
0.9601506751455566
2
1
1.9594911733745113 1.8826483822618165 
2
1
-0.1690782608930087 -0.5511999749545691 
2
1
-0.052449123135011246 0.17194726250249742 
2147483647
0.0
0.9639204565189433
2
1
1.9278409126523184 1.927840912651714 
2
1
-0.1624725304211788 -0.537444466735997 
2
1
0.004573944156471959 0.5091338332933485 
2147483647
0.0
0.9671613862616659
2
1
1.8963948746435955 1.973798747077861 
2
1
-0.15575066355362882 -0.523695175835452 
2
1
0.8762218393966207 -0.2943517195149285 
2147483647
0.0
0.9698690757062759
2
1
1.865132837521999 2.0205605739839627 
2
1
-0.14890935684451348 -0.509942949240413 
2
1
-0.20686367382135146 0.32564473812354167 
2147483647
0.0
0.9720386110933806
2
1
1.8340351149037224 2.068167257231254 
2
1
-0.14194806577353813 -0.496177294992334 
2
1
1.7404549025215892 -1.21348579151073 
2147483647
0.0
0.9736645369304496
2
1
1.8030824754365125 2.1166620363777775 
2
1
-0.13486015344754132 -0.48239007558944774 
2
1
-0.3193581506939401 -0.28012483494133616 
2147483647
0.0
0.9747408364488084
2
1
1.7722560659161093 2.1660907472307036 
2
1
-0.12764329568211244 -0.46857106850597 
2
1
-0.3341410860571192 -0.8368542607444875 
2147483647
0.0
0.9752609090274511
2
1
1.7415373372007121 2.216502065525565 
2
1
-0.12028959496488918 -0.4547121536724443 
2
1
-0.19021212549540983 -0.3168216603081737 
2147483647
0.0
0.9752175442247543
2
1
1.7109079719819484 2.2679477768128393 
2
1
-0.1128063190173146 -0.44079817546493194 
2
1
0.054921961886322444 0.6045293358957381 
2147483647
0.0
0.9746028924051314
2
1
1.6803498141555362 2.3204830766883577 
2
1
-0.105177925690928 -0.42682355869468985 
2
1
-1.9714601347156624 0.3987876093923942 
2147483647
0.0
0.97340843122112
2
1
1.64984479834898 2.3741669049425322 
2
1
-0.09740046517906095 -0.41277717512275497 
2
1
2.148135801694429 0.6030891408576309 
2147483647
0.0
0.971624927968029
2
1
1.619374879617652 2.42906231943426 
2
1
-0.08946869886531882 -0.39864789614695295 
2
1
-1.0204967801192135 1.5114525899325448 
2147483647
0.0
0.9692423970863305
2
1
1.588921962118823 2.4852369151039637 
2
1
-0.08137887767980655 -0.38442325604755473 
2
1
-0.6378002943751508 0.6009766401419269 
2147483647
0.0
0.9662500524114311
2
1
1.5584678261581668 2.542763295311003 
2
1
-0.07312229285724385 -0.37009233036103834 
2
1
-0.6796458085465372 0.9548284324943045 
2147483647
0.0
0.9626362534633298
2
1
1.5279940528107492 2.6017196034346015 
2
1
-0.06469051566175509 -0.3556432793307951 
2
1
-0.5894382986304395 -0.5084572107630084 
2147483647
0.0
0.9583884450917857
2
1
1.4974819451564187 2.662190124693767 
2
1
-0.05607598064745755 -0.3410629514910055 
2
1
0.466110508717434 0.8868963577911835 
2147483647
0.0
0.9534930895611291
2
1
1.466912445183626 2.7242659696298017 
2
1
-0.04727236183448485 -0.3263365579489471 
2
1
0.10187055568579974 0.10133866792552419 
2147483647
0.0
0.9479355901579015
2
1
1.4362660454053089 2.7880458528479837 
2
1
-0.03826539132355317 -0.3114519357980493 
2
1
1.150605423379496 -0.15942783824737786 
2147483647
0.0
0.941700204949037
2
1
1.405522693672682 2.8536369841226614 
2
1
-0.029046657139857525 -0.2963928360612014 
2
1
0.37125942920766947 -0.5915392592097279 
2147483647
0.0
0.9347699494317713
2
1
1.3746616900658595 2.9211560913900545 
2
1
-0.01960383023046183 -0.2811434167216129 
2
1
0.5789227386074544 0.06733157902098727 
2147483647
0.0
0.927126486275276
2
1
1.3436615740432618 2.9907306002856395 
2
1
-0.00992757811901369 -0.26568469008645995 
2
1
-1.4264952997876168 -0.7355427590045085 
2147483647
0.0
0.9187500001846118
2
1
1.312500000001231 3.0625000000028253 
2
1
-1.0857560765329808E-6 -0.2499994571214071 
2
1
-0.25408987900590474 2.163002805460829 
2147483647
0.0
0.9096190554955759
2
1
1.2811535988502512 3.1366174321160414 
2
1
0.010187618224870335 -0.23406597436724988 
2
1
-1.0578283990434079 -0.9836655986776378 
2147483647
0.0
0.8997104330313656
2
1
1.2495978234041702 3.2132515458979407 
2
1
0.020666439098077378 -0.21786809586623881 
2
1
0.45428849352771955 0.37426656683421344 
2147483647
0.0
0.8889989443718831
2
1
1.217806772868565 3.2925886822003085 
2
1
0.03144263124018816 -0.20137647438791284 
2
1
0.1851992832511636 0.7990080158800955 
2147483647
0.0
0.8774572163395271
2
1
1.1857529947969794 3.374835446784753 
2
1
0.04253717500542629 -0.1845654573421336 
2
1
-0.6059502052503158 0.5275609009587164 
2147483647
0.0
0.8650554432014167
2
1
1.1534072573712075 3.460221772040226 
2
1
0.05398152799937471 -0.16741116957078375 
2
1
-1.0728023421267652 0.03645505380005166 
2147483647
0.0
0.8517610983480715
2
1
1.1207382870759464 3.549004575740181 
2
1
0.06578783147357538 -0.14987544884309198 
2
1
0.15238856970219677 -0.3070890809956818 
2147483647
0.0
0.8375385978643403
2
1
1.087712464541341 3.6414721638794636 
2
1
0.07799349970787665 -0.13192833881516497 
2
1
0.03595563300872601 0.38739985513138087 
2147483647
0.0
0.822348905300869
2
1
1.0542934681232874 3.737949568801815 
2
1
0.09062968904506549 -0.11353088574258911 
2
1
0.7035431319202587 0.7963557983388214 
2147483647
0.0
0.8061490655545125
2
1
1.020441854928206 3.8388050712079997 
2
1
0.10371092147805913 -0.09462831378274728 
2
1
-0.2595496521819782 2.4362230426435683 
2147483647
0.0
0.7888916470854029
2
1
0.986114558659408 3.944458234638124 
2
1
0.1173378404880035 -0.07520424749826997 
2
1
2.129928576077757 -0.8265842394194058 
2147483647
0.0
0.7705240820981982
2
1
0.9512642986374867 4.055389904968914 
2
1
0.13149257737391096 -0.055168714570356436 
2
1
-0.077959230720162 0.7515302801828871 
2147483647
0.0
0.7509878576979404
2
1
0.9158388506670933 4.172154764154128 
2
1
0.14626479697701072 -0.03447849921376977 
2
1
-0.5252005189102494 0.2256241897483244 
2147483647
0.0
0.730217539664125
2
1
0.8797801680940739 4.295397291282816 
2
1
0.16169594710918567 -0.013050085268804941 
2
1
-0.29968251025776077 -0.09093117635837826 
2147483647
0.0
0.7081395663013798
2
1
0.843023293047041 4.425872288498448 
2
1
0.177867728661515 0.009194966752797209 
2
1
-0.655590662584582 -0.4262589111307354 
2147483647
0.0
0.6846707485073176
2
1
0.8054949980793289 4.5644716558025555 
2
1
0.19486654578935336 0.03235355395012517 
2
1
-1.2845809840786029 1.6096103349335158 
2147483647
0.0
0.6597163796002561
2
1
0.767112069149201 4.712259853343426 
2
1
0.21278253898367236 0.05654713616634908 
2
1
-0.6167341027066602 0.5703961278440844 
2147483647
0.0
0.6331678205194938
2
1
0.7277791038997746 4.870521695329694 
2
1
0.23174477682648614 0.08190887097994928 
2
1
0.3835606712309331 -0.9093365166956848 
2147483647
0.0
0.604899365425334
2
1
0.6873856423731266 5.040828044202951 
2
1
0.2518972378773978 0.10860701482056248 
2
1
-0.39058690366517423 -1.5124333212690229 
2147483647
0.0
0.5747641013639473
2
1
0.6458023609539264 5.2251281873468285 
2
1
0.2733671652095681 0.1368777167856222 
2
1
0.9812884065632872 0.7602224454131102 
2147483647
0.0
0.5425883096157176
2
1
0.6028758994418174 5.425883095072001 
2
1
0.2965224214959514 0.16689298179182877 
2
1
1.029354710035836 -1.2480207838097999 
2147483647
0.0
0.5081637552262778
2
1
0.5584217089274495 5.646263945829392 
2
1
0.32150845528209937 0.1990631764637637 
2
1
-0.9849937937792091 0.27340947756088124 
2147483647
0.0
0.47123666731996944
2
1
0.5122137687181278 5.890458340321529 
2
1
0.3487450997804356 0.23378877814739504 
2
1
-0.4680607659822349 -0.01014685880794791 
2147483647
0.0
0.4314915312249214
2
1
0.4639693883109082 6.164164730551763 
2
1
0.37874648611877343 0.27163834874412884 
2
1
-0.3681397458123491 -0.7566659575826182 
2147483647
0.0
0.38852612530309816
2
1
0.4133256651329861 6.475435420423222 
2
1
0.41219709074019667 0.3134263283337136 
2
1
-0.21978241446230715 -0.25427384621719995 
2147483647
0.0
0.3418109355455722
2
1
0.3598009847117106 6.836218709544209 
2
1
0.4501476710878837 0.360316660146182 
2
1
-0.16349005553673893 0.2709007561745765 
2147483647
0.0
0.2906182267473342
2
1
0.30272731946728704 7.265455667230256 
2
1
0.49421749089130634 0.414144243468231 
2
1
-0.3422387745011249 -0.29873384924908364 
2147483647
0.0
0.23388504022252432
2
1
0.24111859811744196 7.796168005858237 
2
1
0.5471893420437327 0.4780604443266302 
2
1
-0.13042669673990614 -0.5351674165300798 
2147483647
0.0
0.16990565321745113
2
1
0.17337311549266693 8.495282659173492 
2
1
0.6146283482739577 0.5583370004299837 
2
1
-0.6027310995987605 0.41905223294123095 
2147483647
0.0
0.09543479459818197
2
1
0.09639878239002159 9.543479457909493 
2
1
0.7113019178862503 0.6715617266998906 
2
1
-0.31839796379003815 -1.1143165366353829 
