10
2147483647
0.0
2147483647
4.9E-324
0
0

0
0

0
0
2147483647
0.0
2147483647
0.017592269497851122
0
0

0
0

0
0
2147483647
0.0
2147483647
0.16883426729121964
0
0

0
0

0
0
2147483647
0.0
2147483647
0.22652523859825396
0
0

0
0

0
0
2147483647
0.0
2147483647
0.09108954330429576
0
0

0
0

0
0
2147483647
0.0
2147483647
0.7966637208405668
0
0

0
0

0
0
2147483647
0.0
2147483647
4.911224102604666
0
0

0
0

0
0
2147483647
0.0
2147483647
0.7529561493679745
0
0

0
0

0
0
2147483647
0.0
2147483647
0.787323956074594
0
0

0
0

0
0
2147483647
0.0
2147483647
2.2528192885301306
0
0

0
0

0
0
