10
2147483647
0.0
2147483647
4.9E-324
0
0

0
0

0
0
2147483647
0.0
2147483647
0.01727701063807167
0
0

0
0

0
0
2147483647
0.0
2147483647
0.5234656299182437
0
0

0
0

0
0
2147483647
0.0
2147483647
0.2527952608922446
0
0

0
0

0
0
2147483647
0.0
2147483647
0.16930760650730056
0
0

0
0

0
0
2147483647
0.0
2147483647
0.1976612503847261
0
0

0
0

0
0
2147483647
0.0
2147483647
0.27133299290351903
0
0

0
0

0
0
2147483647
0.0
2147483647
0.6885520010212539
0
0

0
0

0
0
2147483647
0.0
2147483647
0.01028355663899936
0
0

0
0

0
0
2147483647
0.0
2147483647
7.176975900161289
0
0

0
0

0
0
