10
2147483647
0.0
2147483647
4.9E-324
0
0

0
0

0
0
2147483647
0.0
2147483647
1.0895198368827954
0
0

0
0

0
0
2147483647
0.0
2147483647
0.8377873488019327
0
0

0
0

0
0
2147483647
0.0
2147483647
0.3435765930787584
0
0

0
0

0
0
2147483647
0.0
2147483647
0.4691375855177716
0
0

0
0

0
0
2147483647
0.0
2147483647
0.0674493975531455
0
0

0
0

0
0
2147483647
0.0
2147483647
0.38672018512391376
0
0

0
0

0
0
2147483647
0.0
2147483647
1.8394143357546775
0
0

0
0

0
0
2147483647
0.0
2147483647
0.010605692898388683
0
0

0
0

0
0
2147483647
0.0
2147483647
0.7079028548463292
0
0

0
0

0
0
