10
2147483647
0.0
2147483647
4.9E-324
0
0

0
0

0
0
2147483647
0.0
2147483647
0.21168499723093961
0
0

0
0

0
0
2147483647
0.0
2147483647
0.5201971384447409
0
0

0
0

0
0
2147483647
0.0
2147483647
0.22118579611821365
0
0

0
0

0
0
2147483647
0.0
2147483647
0.016487037657920103
0
0

0
0

0
0
2147483647
0.0
2147483647
0.16160663344429674
0
0

0
0

0
0
2147483647
0.0
2147483647
1.919792984477674
0
0

0
0

0
0
2147483647
0.0
2147483647
4.35582946570715
0
0

0
0

0
0
2147483647
0.0
2147483647
1.7381178621116438
0
0

0
0

0
0
2147483647
0.0
2147483647
3.097934863942898
0
0

0
0

0
0
