10
2147483647
0.0
2147483647
4.9E-324
0
0

0
0

0
0
2147483647
0.0
2147483647
0.0750677907841699
0
0

0
0

0
0
2147483647
0.0
2147483647
0.2407158933216273
0
0

0
0

0
0
2147483647
0.0
2147483647
0.11860831568608392
0
0

0
0

0
0
2147483647
0.0
2147483647
0.015045711142302663
0
0

0
0

0
0
2147483647
0.0
2147483647
2.621701739536689
0
0

0
0

0
0
2147483647
0.0
2147483647
0.4993534937359773
0
0

0
0

0
0
2147483647
0.0
2147483647
6.958580109551825
0
0

0
0

0
0
2147483647
0.0
2147483647
1.178932702732437
0
0

0
0

0
0
2147483647
0.0
2147483647
0.931930410807162
0
0

0
0

0
0
