10
2147483647
0.0
2147483647
4.9E-324
0
0

0
0

0
0
2147483647
0.0
2147483647
0.06031551363756169
0
0

0
0

0
0
2147483647
0.0
2147483647
1.3980914938587023
0
0

0
0

0
0
2147483647
0.0
2147483647
0.7947870643394905
0
0

0
0

0
0
2147483647
0.0
2147483647
1.115776216858963
0
0

0
0

0
0
2147483647
0.0
2147483647
0.1823024266002457
0
0

0
0

0
0
2147483647
0.0
2147483647
0.14662268753018678
0
0

0
0

0
0
2147483647
0.0
2147483647
0.9302722033958679
0
0

0
0

0
0
2147483647
0.0
2147483647
0.5654455914198173
0
0

0
0

0
0
2147483647
0.0
2147483647
3.6654601233756003
0
0

0
0

0
0
