10
2147483647
0.0
2147483647
4.9E-324
0
0

0
0

0
0
2147483647
0.0
2147483647
0.04189164928950258
0
0

0
0

0
0
2147483647
0.0
2147483647
0.047087779194690794
0
0

0
0

0
0
2147483647
0.0
2147483647
0.38898731234820005
0
0

0
0

0
0
2147483647
0.0
2147483647
0.11496930522839204
0
0

0
0

0
0
2147483647
0.0
2147483647
0.2878561236478043
0
0

0
0

0
0
2147483647
0.0
2147483647
1.2096391122256818
0
0

0
0

0
0
2147483647
0.0
2147483647
1.8651717848779177
0
0

0
0

0
0
2147483647
0.0
2147483647
0.2943261526677963
0
0

0
0

0
0
2147483647
0.0
2147483647
0.04526232053704552
0
0

0
0

0
0
